1676880170.424249 camera0 0.0935746 0.10032 -0.990545 -0.1021 0.990672 0.0896056 0.102662 -0.0455682 0.0990573 -0.990912 -0.0909989 0.0654415 -0 0 0 1 
1676880171.474237 camera0 0.165633 0.0971096 -0.981394 -0.0781456 0.984635 0.0395393 0.170092 -0.134049 0.0553212 -0.994488 -0.0890685 0.0645347 -0 0 0 1 
1676880172.524494 camera0 0.263609 0.0859534 -0.960792 -0.102884 0.963171 0.03129 0.267061 -0.300123 0.053018 -0.995808 -0.0745395 0.121843 -0 0 0 1 
1676880173.574225 camera0 0.252721 0.135163 -0.958051 -0.126641 0.965345 0.0314254 0.259079 -0.619205 0.0651251 -0.990325 -0.122537 0.0980806 -0 0 0 1 
1676880174.574271 camera0 0.250528 0.131521 -0.959134 -0.109169 0.966451 0.0239881 0.255729 -0.85151 0.0566414 -0.991023 -0.121098 0.0777168 -0 0 0 1 
1676880175.574560 camera0 0.245621 0.135353 -0.959869 -0.0297146 0.96751 0.0270055 0.251385 -0.945104 0.0599475 -0.990429 -0.124322 0.0873902 -0 0 0 1 
1676880176.624200 camera0 0.259103 0.166949 -0.951311 -0.082346 0.962893 0.0323573 0.267936 -1.18228 0.0755136 -0.985434 -0.15237 0.099037 -0 0 0 1 
1676880177.624666 camera0 0.332128 0.141689 -0.932532 -0.0643545 0.942463 -0.00988356 0.334164 -1.51341 0.0381306 -0.989862 -0.13682 0.0757615 -0 0 -0 1 
1676880178.674137 camera0 0.40708 0.155566 -0.900047 -0.109767 0.912874 -0.0361078 0.40664 -1.7851 0.0307606 -0.987165 -0.156711 0.0604353 -0 0 -0 1 
1676880179.674220 camera0 0.46424 0.154911 -0.872057 -0.171032 0.884521 -0.0300964 0.465528 -2.04744 0.0458697 -0.98747 -0.150994 0.0533321 -0 0 -0 1 
1676880180.674259 camera0 0.484026 0.148144 -0.862422 -0.227485 0.874024 -0.0340659 0.484686 -2.28633 0.0424241 -0.988379 -0.14597 0.0412537 -0 0 -0 1 
1676880181.674693 camera0 0.472013 0.176283 -0.863787 -0.316299 0.879751 -0.030917 0.474427 -2.50733 0.0569277 -0.983854 -0.169678 0.022576 -0 0 -0 1 
1676880182.724335 camera0 0.487501 0.176042 -0.855191 -0.458992 0.871297 -0.0347797 0.489522 -2.82288 0.0564329 -0.983768 -0.17034 0.00549348 -0 0 -0 1 
1676880183.777352 camera0 0.533598 0.149509 -0.832418 -0.567816 0.845304 -0.0627547 0.530587 -3.13427 0.0270895 -0.986767 -0.159867 -0.0231417 -0 0 -0 1 
1676880184.824225 camera0 0.624609 0.120386 -0.771603 -0.732909 0.780839 -0.0805815 0.619513 -3.37001 0.0124041 -0.989451 -0.144334 -0.0498592 -0 0 -0 1 
1676880185.874204 camera0 0.675572 0.121878 -0.72715 -0.937492 0.736542 -0.0670453 0.673061 -3.55145 0.0332792 -0.990278 -0.135062 -0.0531562 -0 0 -0 1 
1676880186.874296 camera0 0.656274 0.133015 -0.742705 -1.17278 0.752751 -0.0480208 0.656551 -3.74283 0.051666 -0.98995 -0.131642 -0.0740257 -0 0 -0 1 
1676880187.924201 camera0 0.636135 0.144315 -0.757961 -1.25202 0.769337 -0.0438232 0.637338 -4.01414 0.0587614 -0.988561 -0.138905 -0.0817454 -0 0 -0 1 
1676880188.924303 camera0 0.673079 0.121296 -0.729556 -1.36892 0.738084 -0.0476472 0.673024 -4.27582 0.0468741 -0.991472 -0.121597 -0.0695603 -0 0 -0 1 
1676880189.974319 camera0 0.794896 0.0880135 -0.600328 -1.4902 0.606249 -0.0752032 0.791711 -4.44749 0.0245347 -0.993276 -0.113137 -0.0838882 -0 0 -0 1 
1676880191.027349 camera0 0.905749 0.0403224 -0.421893 -1.6878 0.423803 -0.0787864 0.902321 -4.64814 0.00314436 -0.996076 -0.0884494 -0.108526 -0 0 -0 1 
1676880192.027363 camera0 0.911536 0.062892 -0.406382 -1.84674 0.409513 -0.0488943 0.910993 -4.87172 0.0374244 -0.996822 -0.070324 -0.122291 -0 0 -0 1 
1676880193.074297 camera0 0.925505 0.0704937 -0.372118 -2.04746 0.377569 -0.0946694 0.921129 -5.03833 0.0297057 -0.99301 -0.114233 -0.171652 -0 0 -0 1 
1676880194.124128 camera0 0.892019 0.106633 -0.439239 -2.36201 0.450013 -0.118566 0.885116 -5.19766 0.0423041 -0.987204 -0.153749 -0.261007 -0 0 -0 1 
1676880195.124281 camera0 0.701884 0.144407 -0.697499 -2.48331 0.711339 -0.0914981 0.696868 -5.36473 0.0368126 -0.985279 -0.166943 -0.28179 -0 0 -0 1 
1676880196.174268 camera0 0.654395 0.141821 -0.742734 -2.64341 0.755322 -0.0765589 0.650867 -5.49402 0.0354437 -0.986928 -0.15722 -0.292999 -0 0 -0 1 
1676880197.224183 camera0 0.707825 0.144262 -0.6915 -2.89121 0.70556 -0.0970314 0.701975 -5.67869 0.0341711 -0.984771 -0.170467 -0.334717 -0 0 -0 1 
1676880198.224294 camera0 0.485629 0.163786 -0.858684 -3.03033 0.874132 -0.0824608 0.478637 -5.74497 0.00758607 -0.983043 -0.183216 -0.34824 -0 0 -0 1 
1676880199.224316 camera0 0.537989 0.171072 -0.82541 -3.14837 0.842715 -0.0859414 0.531456 -5.78343 0.0199803 -0.981503 -0.1904 -0.365976 -0 0 -0 1 
1676880200.224361 camera0 0.464901 0.167265 -0.869419 -3.15566 0.885359 -0.0851434 0.457044 -5.77269 0.00242222 -0.982229 -0.187673 -0.364572 -0 0 -0 1 
1676880201.274224 camera0 0.673553 0.18779 -0.714886 -3.13512 0.736741 -0.0927226 0.669787 -5.74511 0.0594931 -0.977823 -0.200806 -0.371104 -0 0 -0 1 
1676880202.324225 camera0 0.780385 0.153747 -0.606104 -3.08118 0.621426 -0.0829596 0.779069 -5.7332 0.0694972 -0.984622 -0.160283 -0.357709 -0 0 -0 1 
1676880203.324225 camera0 0.926631 0.104204 -0.361243 -3.19586 0.371566 -0.107158 0.922202 -5.86691 0.0573868 -0.988766 -0.138015 -0.372591 -0 0 -0 1 
1676880204.374183 camera0 0.978635 0.0453605 -0.20054 -3.43571 0.204229 -0.101729 0.973623 -6.05437 0.0237633 -0.993778 -0.108819 -0.408027 -0 0 -0 1 
1676880205.374197 camera0 0.985533 0.0699446 -0.154378 -3.72422 0.159983 -0.0832174 0.983606 -6.15322 0.0559509 -0.994074 -0.0932034 -0.435613 -0 0 -0 1 
1676880206.424184 camera0 0.993943 0.0536005 -0.0959341 -3.99469 0.100651 -0.0936273 0.990506 -6.18319 0.0441096 -0.994164 -0.0984553 -0.470842 -0 0 -0 1 
1676880207.424230 camera0 0.994845 0.026577 -0.0978667 -4.32564 0.100436 -0.124736 0.987093 -6.20308 0.0140265 -0.991834 -0.126762 -0.534129 -0 0 -0 1 
1676880208.474358 camera0 0.997681 0.0332356 -0.0593927 -4.67608 0.0633468 -0.134384 0.988903 -6.2008 0.0248853 -0.990372 -0.136177 -0.580574 -0 0 -0 1 
1676880209.524134 camera0 0.999594 -0.0148495 0.0243165 -4.9634 -0.0256798 -0.0998214 0.994674 -6.1746 -0.0123431 -0.994895 -0.100162 -0.59366 0 0 -0 1 
1676880210.524186 camera0 0.999733 0.0115021 -0.0200485 -5.17848 0.0213527 -0.127518 0.991606 -6.16344 0.00884905 -0.99177 -0.127729 -0.595678 -0 0 -0 1 
1676880211.574172 camera0 0.99951 -0.00576633 0.0307563 -5.51631 -0.0312455 -0.130209 0.990994 -6.23165 -0.00170963 -0.99147 -0.130326 -0.632253 0 0 -0 1 
1676880212.574214 camera0 0.982622 -0.0128779 0.185167 -5.90081 -0.185542 -0.0959396 0.977941 -6.21245 0.00517099 -0.995304 -0.0966618 -0.661566 0 0 0 1 
1676880213.574292 camera0 0.982878 0.00108025 0.184257 -6.17893 -0.1833 -0.0961973 0.978339 -6.07898 0.0187819 -0.995362 -0.0943521 -0.670814 -0 0 -0 1 
1676880214.624184 camera0 0.991519 -0.00667645 0.129789 -6.39476 -0.129807 -0.0994466 0.98654 -5.93312 0.00632051 -0.995021 -0.0994698 -0.665551 0 0 0 1 
1676880215.624251 camera0 0.988232 0.0264302 0.150659 -6.73449 -0.147813 -0.0883283 0.985063 -5.80549 0.0393428 -0.995741 -0.0833821 -0.680637 -0 0 -0 1 
1676880216.624378 camera0 0.967647 0.00779811 0.252188 -7.03852 -0.249942 -0.106951 0.962336 -5.62073 0.0344762 -0.994234 -0.101542 -0.68598 -0 0 -0 1 
1676880217.674209 camera0 0.998737 0.0454204 0.0214912 -7.09021 -0.0183592 -0.0682817 0.997497 -5.64474 0.0467741 -0.996632 -0.0673616 -0.637047 -0 0 -0 1 
1676880218.674733 camera0 0.999377 0.0343683 -0.00800095 -7.08576 0.0100101 -0.0586906 0.998226 -5.67633 0.0338377 -0.997684 -0.058998 -0.633576 -0 0 -0 1 
1676880219.724166 camera0 0.999143 0.0246681 -0.033238 -7.08771 0.0350963 -0.0791757 0.996242 -5.65256 0.0219437 -0.996555 -0.0799736 -0.651119 -0 0 -0 1 
1676880220.724275 camera0 0.997383 0.0349986 0.0632642 -7.14939 -0.0612049 -0.0570751 0.996492 -5.65814 0.0384866 -0.997756 -0.0547837 -0.650152 -0 0 -0 1 
1676880221.774245 camera0 0.938019 0.0213345 0.345927 -7.14425 -0.343556 -0.0744075 0.93618 -5.6417 0.0457124 -0.997 -0.0624661 -0.634767 -0 0 -0 1 
1676880222.774293 camera0 0.893013 0.00949348 0.449931 -7.20371 -0.448878 -0.0527223 0.892036 -5.61724 0.0321899 -0.998564 -0.0428203 -0.627697 -0 0 -0 1 
1676880223.824200 camera0 0.88857 0.0330078 0.457552 -7.33254 -0.454473 -0.072405 0.887813 -5.56411 0.0624338 -0.996829 -0.0493357 -0.644565 -0 0 -0 1 
1676880224.874291 camera0 0.958375 0.0618154 0.27874 -7.38807 -0.27457 -0.0681428 0.95915 -5.52884 0.0782843 -0.995759 -0.0483337 -0.642049 -0 0 -0 1 
1676880225.924171 camera0 0.995655 0.0579365 0.0728973 -7.44879 -0.0699054 -0.0520927 0.996192 -5.52218 0.0615133 -0.99696 -0.0478163 -0.655827 -0 0 -0 1 
1676880226.924198 camera0 0.993669 0.0269845 0.109057 -7.52884 -0.106918 -0.0709616 0.991732 -5.4844 0.0345002 -0.997114 -0.0676273 -0.664384 -0 0 -0 1 
1676880227.974235 camera0 0.986277 0.0371057 0.160876 -7.68919 -0.156634 -0.0977242 0.98281 -5.33469 0.0521894 -0.994522 -0.0905711 -0.681159 -0 0 -0 1 
1676880229.027399 camera0 0.995162 0.0291023 0.0938368 -7.95382 -0.0899273 -0.114813 0.989308 -5.17828 0.0395648 -0.992961 -0.111641 -0.680032 -0 0 -0 1 
1676880230.074254 camera0 0.981163 0.016552 0.192472 -8.18797 -0.190315 -0.0882207 0.977751 -5.05353 0.0331638 -0.995964 -0.0834088 -0.64819 -0 0 -0 1 
1676880231.124197 camera0 0.950108 -0.0165859 0.31148 -8.48172 -0.311921 -0.0508533 0.948746 -4.91567 0.00010399 -0.998569 -0.0534896 -0.639753 0 0 0 1 
1676880232.124230 camera0 0.921167 -0.00713708 0.389102 -8.72113 -0.388863 -0.0564468 0.919565 -4.72995 0.0154006 -0.99838 -0.0547723 -0.657725 0 0 0 1 
1676880233.174637 camera0 0.917208 -0.0206132 0.397876 -8.87137 -0.398222 -0.0781118 0.913957 -4.66735 0.0122392 -0.996732 -0.0798533 -0.656955 0 0 0 1 
1676880234.224204 camera0 0.853505 0.0355245 0.519872 -9.15277 -0.519838 -0.0109256 0.854195 -4.74387 0.0360247 -0.999309 0.00914191 -0.672458 0 0 -0 1 
1676880235.274225 camera0 0.840433 0.0750439 0.536695 -9.24949 -0.541368 0.0717479 0.837719 -4.7464 0.024359 -0.994596 0.100926 -0.669976 -0 0 -0 1 
1676880236.324117 camera0 0.813397 0.0598523 0.578621 -9.32942 -0.580906 0.0313658 0.813366 -4.58036 0.0305329 -0.997714 0.0602815 -0.671742 -0 0 -0 1 
1676880237.324618 camera0 0.787232 0.0478217 0.6148 -9.52355 -0.615895 0.0114427 0.787745 -4.38766 0.0306364 -0.99879 0.0384612 -0.665539 -0 0 -0 1 
1676880238.374132 camera0 0.726795 0.0230521 0.686468 -9.78113 -0.686287 -0.0162419 0.727149 -4.15256 0.0279119 -0.999602 0.00401579 -0.668886 0 0 -0 1 
1676880239.424015 camera0 0.617817 0.0083426 0.786278 -9.96013 -0.786202 -0.0109054 0.617873 -3.951 0.0137293 -0.999906 -0.00017855 -0.671482 -0 0 -0 1 
1676880240.424033 camera0 0.654521 0.0713614 0.752668 -10.1493 -0.755819 0.0375161 0.653704 -3.8591 0.0184121 -0.996745 0.0784915 -0.656305 -0 0 -0 1 
1676880241.474047 camera0 0.554548 0.0449717 0.830936 -10.4401 -0.832149 0.0270904 0.553891 -3.63696 0.00239909 -0.998621 0.0524461 -0.660009 -0 0 -0 1 
1676880242.474127 camera0 0.417653 0.0150954 0.908481 -10.563 -0.908551 0.0180386 0.417385 -3.40261 -0.0100871 -0.999723 0.0212488 -0.643529 0 -0 -0 1 
1676880243.524090 camera0 0.397214 0.0588347 0.915838 -10.7866 -0.91716 -0.00959467 0.398403 -3.22051 0.0322271 -0.998222 0.0501497 -0.613212 0 0 -0 1 
1676880244.524099 camera0 0.452208 0.0411947 0.890961 -11.0857 -0.891812 0.00587231 0.452368 -3.22303 0.0134032 -0.999134 0.0393934 -0.615256 -0 0 -0 1 
1676880245.574021 camera0 0.438188 0.0558546 0.897147 -11.3663 -0.898492 -0.00222308 0.438984 -3.05777 0.0265137 -0.998437 0.0492108 -0.640009 0 0 -0 1 
1676880246.574154 camera0 0.278836 -0.0106925 0.960279 -11.4476 -0.960303 0.00549652 0.278904 -2.86447 -0.00826037 -0.999928 -0.00873542 -0.643478 0 0 -0 1 
1676880247.624116 camera0 0.237347 -0.00801513 0.971392 -11.5584 -0.971121 -0.0269682 0.237058 -2.68466 0.0242966 -0.999604 -0.0141845 -0.641804 0 0 0 1 
1676880248.624155 camera0 0.240026 -0.0408547 0.969907 -11.6656 -0.970653 -0.025417 0.23914 -2.43185 0.0148821 -0.998842 -0.0457565 -0.591237 0 0 0 1 
1676880249.674178 camera0 0.105962 -0.0615735 0.992462 -11.8064 -0.994234 -0.0230593 0.10472 -2.15598 0.0164375 -0.997836 -0.0636619 -0.582457 0 0 0 1 
1676880250.724104 camera0 -0.0363998 -0.0797878 0.996147 -12.0019 -0.999159 -0.0159522 -0.0377876 -1.86196 0.0189057 -0.996684 -0.07914 -0.564949 0 0 0 1 
1676880251.774114 camera0 0.049929 -0.069811 0.99631 -12.3727 -0.99674 -0.0667777 0.0452715 -1.70549 0.0633708 -0.995323 -0.0729176 -0.589819 0 0 0 1 
1676880252.774164 camera0 0.0564637 -0.107345 0.992617 -12.6162 -0.997603 -0.0458935 0.0517843 -1.6077 0.0399958 -0.993162 -0.109679 -0.577591 0 0 0 1 
1676880253.777062 camera0 0.0129152 0.0436351 0.998964 -12.8824 -0.998007 -0.0611415 0.0155735 -1.34854 0.0617577 -0.997175 0.0427585 -0.554294 0 0 -0 1 
1676880254.824105 camera0 -0.0899459 0.0341328 0.995362 -12.9658 -0.995354 -0.0375606 -0.0886571 -1.14869 0.0343603 -0.998711 0.0373527 -0.538556 0 0 -0 1 
1676880255.824105 camera0 -0.153681 0.0267402 0.987759 -13.0116 -0.98549 -0.0770358 -0.151243 -0.928311 0.0720485 -0.99667 0.0381912 -0.513634 0 0 -0 1 
1676880256.824105 camera0 -0.204896 -0.00394659 0.978776 -13.0418 -0.977784 -0.044368 -0.204868 -0.682362 0.0442348 -0.999008 0.00523192 -0.481441 -0 0 -0 1 
1676880257.874128 camera0 -0.355693 -0.00401482 0.934595 -13.0384 -0.932646 -0.0631596 -0.355223 -0.298199 0.0604547 -0.997996 0.018721 -0.445386 -0 0 -0 1 
1676880258.924128 camera0 -0.387519 -0.0326145 0.921284 -12.9916 -0.917478 -0.0836966 -0.388881 -0.0528026 0.0897916 -0.995957 0.00251096 -0.438524 -0 0 -0 1 
1676880259.974072 camera0 -0.0480959 -0.00544487 0.998828 -12.8999 -0.99601 -0.0749894 -0.0483691 0.130239 0.0751648 -0.997169 -0.00181646 -0.411005 0 0 0 1 
1676880260.974234 camera0 -0.113542 -0.0255335 0.993205 -12.8384 -0.992937 -0.0317119 -0.114327 0.453837 0.0344155 -0.999171 -0.0217525 -0.409627 0 0 0 1 
1676880262.027215 camera0 -0.206628 -0.0395838 0.977618 -12.7278 -0.978199 -0.0128319 -0.20727 0.812931 0.0207493 -0.999134 -0.0360695 -0.437809 0 0 0 1 
1676880263.027222 camera0 -0.142252 -0.0840426 0.986256 -12.5613 -0.989377 -0.0180904 -0.144244 1.08158 0.0299644 -0.996298 -0.0805764 -0.428468 0 0 0 1 
1676880264.074247 camera0 -0.233332 -0.0869337 0.968503 -12.434 -0.972114 -0.00315813 -0.234485 1.37985 0.0234434 -0.996209 -0.0837726 -0.403604 0 0 0 1 
1676880265.124072 camera0 -0.331139 -0.0445318 0.942531 -12.2864 -0.943577 0.0125155 -0.330915 1.75265 0.00294004 -0.99893 -0.0461636 -0.369375 0 0 0 1 
1676880266.124135 camera0 -0.437034 -0.0690751 0.896788 -12.0792 -0.899069 0.00474855 -0.43778 2.1053 0.0259812 -0.9976 -0.0641786 -0.346456 0 0 0 1 
1676880267.174194 camera0 -0.475459 -0.0936773 0.874736 -11.8932 -0.878049 -0.0110536 -0.478444 2.45571 0.0544883 -0.995541 -0.0769976 -0.347277 0 0 0 1 
1676880268.174211 camera0 -0.28642 -0.0462423 0.956988 -11.8015 -0.954318 -0.0749388 -0.289243 2.68279 0.0850907 -0.996115 -0.0226658 -0.315021 0 0 0 1 
1676880269.224096 camera0 -0.282392 -0.076554 0.95624 -11.7401 -0.957929 -0.0307535 -0.285352 2.78544 0.0512526 -0.996591 -0.0646488 -0.346062 0 0 0 1 
1676880270.224131 camera0 -0.364324 -0.0835948 0.927513 -11.7065 -0.930892 0.00423241 -0.36527 2.96876 0.026609 -0.996491 -0.0793597 -0.347316 0 0 0 1 
1676880271.224860 camera0 -0.510367 0.0382287 0.859106 -11.8293 -0.859682 -0.047933 -0.508576 3.27403 0.0217374 -0.998119 0.0573279 -0.337938 0 0 -0 1 
1676880272.274163 camera0 -0.58162 0.0191854 0.813235 -11.7514 -0.812682 -0.0574428 -0.57987 3.48623 0.0355895 -0.998165 0.0490015 -0.336826 0 0 -0 1 
1676880273.324121 camera0 -0.533779 0.0092276 0.845574 -11.5247 -0.844901 -0.0471523 -0.53284 3.8235 0.0349539 -0.998845 0.0329653 -0.316457 0 0 -0 1 
1676880274.374065 camera0 -0.596381 -0.039504 0.801729 -11.2791 -0.801983 -0.0129268 -0.597207 4.13377 0.0339558 -0.999136 -0.0239723 -0.300698 0 0 0 1 
1676880275.374129 camera0 -0.715874 -0.0189247 0.697973 -11.0738 -0.698223 0.0238088 -0.715484 4.36828 -0.0030776 -0.999537 -0.0302578 -0.283077 0 0 -0 1 
1676880276.374171 camera0 -0.712685 -0.0360857 0.700556 -10.8363 -0.700937 -0.00281747 -0.713218 4.54852 0.0277108 -0.999345 -0.0232858 -0.286986 0 0 0 1 
1676880277.424106 camera0 -0.694575 -0.0330066 0.718662 -10.6386 -0.719414 0.0359653 -0.69365 4.67358 -0.00295191 -0.998808 -0.048726 -0.233969 0 0 -0 1 
1676880278.424145 camera0 -0.794707 -0.0468439 0.605183 -10.3431 -0.606373 0.0161959 -0.795016 4.97595 0.0274402 -0.998771 -0.0412758 -0.219351 0 0 0 1 
1676880279.474055 camera0 -0.860223 -0.0499082 0.507469 -10.0994 -0.50936 0.0376169 -0.85973 5.11297 0.0238182 -0.998045 -0.0577802 -0.197318 0 0 0 1 
1676880280.474165 camera0 -0.828988 -0.0533483 0.556715 -9.80783 -0.558625 0.0313732 -0.828826 5.23865 0.0267506 -0.998083 -0.0558097 -0.166196 0 0 0 1 
1676880281.474179 camera0 -0.843062 -0.036493 0.536577 -9.46469 -0.53779 0.04735 -0.841748 5.32139 0.00531102 -0.998212 -0.0595446 -0.119853 0 0 0 1 
1676880282.524152 camera0 -0.888688 -0.0200748 0.458074 -9.09448 -0.458488 0.0284498 -0.888245 5.48548 0.00479923 -0.999394 -0.0344871 -0.0819304 0 0 0 1 
1676880283.574145 camera0 -0.959029 -0.0593976 0.277012 -8.78186 -0.279956 0.0487201 -0.958775 5.61493 0.0434529 -0.997045 -0.0633527 -0.0420424 0 0 0 1 
1676880284.574194 camera0 -0.995192 -0.0540824 0.0816543 -8.48987 -0.0841027 0.0446545 -0.995456 5.78069 0.0501904 -0.997538 -0.0489882 -0.0289951 0 0 0 1 
1676880285.624089 camera0 -0.996541 -0.0395382 0.0730998 -8.27605 -0.0723258 -0.0206674 -0.997167 6.13771 0.0409369 -0.999004 0.0177363 0.00978873 -0 0 -0 1 
1676880286.673988 camera0 -0.998194 -0.0465843 0.0379312 -8.06266 -0.0399613 0.0434499 -0.998256 6.12963 0.0448549 -0.997969 -0.045233 0.0121244 0 0 0 1 
1676880287.674138 camera0 -0.999727 -0.0233068 0.0012401 -7.75981 -0.00259979 0.0583983 -0.99829 6.08335 0.0231945 -0.998021 -0.0584429 0.0382033 0 0 0 1 
1676880288.674372 camera0 -0.998049 -0.00753912 -0.0619771 -7.41432 0.060976 0.0955665 -0.993554 5.98252 0.0134135 -0.995395 -0.0949204 0.0542956 0 0 0 1 
1676880289.724113 camera0 -0.984277 -0.00796151 -0.17645 -6.98145 0.174923 0.0945613 -0.980031 5.89448 0.0244878 -0.995487 -0.0916819 0.0553262 0 0 0 1 
1676880290.724155 camera0 -0.96622 -0.0134732 -0.257368 -6.59647 0.255212 0.0889686 -0.962783 5.79618 0.0358695 -0.995943 -0.0825246 0.0651909 0 0 0 1 
1676880291.774152 camera0 -0.967839 0.00462601 -0.251529 -6.2319 0.251231 0.0697629 -0.96541 5.72323 0.0130814 -0.997553 -0.0686814 0.0427698 0 0 0 1 
1676880292.774153 camera0 -0.976581 0.0362561 -0.212072 -6.03249 0.21423 0.0728817 -0.97406 5.65959 -0.0198595 -0.996682 -0.0789421 0.0527478 0 -0 0 1 
1676880293.824103 camera0 -0.954069 0.0337937 -0.297675 -5.68483 0.299564 0.095053 -0.94933 5.52954 -0.00378641 -0.994899 -0.10081 0.0349695 0 -0 0 1 
1676880294.824125 camera0 -0.929841 -0.00594983 -0.367915 -5.2652 0.365639 0.0972565 -0.925662 5.40765 0.0412896 -0.995242 -0.0882575 0.0686326 0 0 0 1 
1676880295.824152 camera0 -0.89128 -0.00249909 -0.453446 -4.99943 0.451338 0.0915659 -0.887643 5.29222 0.0437385 -0.995796 -0.0804829 0.0714043 0 0 0 1 
1676880296.824168 camera0 -0.873445 0.00411962 -0.486906 -4.73312 0.485629 0.0802218 -0.870476 5.15213 0.0354745 -0.996769 -0.0720699 0.0755178 0 0 0 1 
1676880297.824178 camera0 -0.892367 0.00496246 -0.451284 -4.59219 0.449129 0.107975 -0.886919 5.08298 0.044326 -0.994141 -0.0985818 0.103687 0 0 0 1 
1676880298.874135 camera0 -0.877949 0.00399449 -0.478737 -4.48335 0.475416 0.125136 -0.870816 5.04218 0.0564288 -0.992132 -0.111762 0.0833203 0 0 0 1 
1676880299.924103 camera0 -0.895593 0.00614096 -0.444832 -4.4672 0.441843 0.128821 -0.887795 4.9995 0.0518517 -0.991649 -0.118084 0.0744641 0 0 0 1 
1676880300.924114 camera0 -0.901087 -0.0400776 -0.431783 -4.43655 0.428463 0.071095 -0.900758 5.04723 0.0667978 -0.996664 -0.046891 -0.0798226 0 0 0 1 
