1676880170.357635 0.997042 0.046065 -0.047542 -0.039040 -0.040557 -0.055630 0.032551 
1676880171.467115 0.995923 0.022613 -0.046053 -0.074191 -0.017802 -0.149940 0.031721 
1676880172.475735 0.991292 0.020185 -0.039747 -0.123908 -0.044910 -0.321887 0.088140 
1676880173.484355 0.990505 0.023040 -0.064382 -0.119267 -0.066884 -0.640510 0.067326 
1676880174.492975 0.990850 0.019021 -0.063034 -0.117818 -0.049470 -0.872907 0.046914 
1676880175.501594 0.990981 0.020594 -0.064824 -0.115460 0.030210 -0.966138 0.056776 
1676880176.611074 0.988782 0.025795 -0.080128 -0.123388 -0.021831 -1.204051 0.070150 
1676880177.619694 0.984711 0.005806 -0.069881 -0.159456 -0.006449 -1.540540 0.046069 
1676880178.628314 0.976843 -0.002802 -0.079030 -0.198806 -0.053812 -1.817278 0.032073 
1676880179.636934 0.969956 0.002690 -0.078018 -0.230416 -0.117181 -2.082648 0.024508 
1676880180.645553 0.967575 0.000820 -0.075141 -0.241149 -0.174606 -2.322746 0.012125 
1676880181.654174 0.967863 0.005249 -0.088592 -0.235298 -0.262185 -2.543060 -0.005091 
1676880182.662793 0.965728 0.004139 -0.088891 -0.243825 -0.405509 -2.859581 -0.022127 
1676880183.772273 0.959998 -0.010676 -0.079619 -0.268236 -0.517026 -3.174266 -0.051275 
1676880184.780892 0.944373 -0.019306 -0.069024 -0.320972 -0.687489 -3.415443 -0.078901 
1676880185.789513 0.932957 -0.010226 -0.067896 -0.353379 -0.895020 -3.599199 -0.082932 
1676880186.798133 0.937071 -0.000198 -0.069759 -0.342099 -1.128821 -3.789006 -0.104128 
1676880187.907612 0.941024 0.002747 -0.074438 -0.330040 -1.206585 -4.059151 -0.111420 
1676880188.916232 0.933643 -0.001313 -0.064160 -0.352411 -1.326308 -4.322844 -0.100277 
1676880189.924852 0.898931 -0.015072 -0.054909 -0.434374 -1.457380 -4.501575 -0.115006 
1676880190.933472 0.848330 -0.023034 -0.036765 -0.527687 -1.668149 -4.707530 -0.141047 
1676880191.942092 0.844100 -0.004025 -0.038479 -0.534789 -1.827189 -4.930381 -0.156165 
1676880193.051591 0.833743 -0.020360 -0.054366 -0.549092 -2.029746 -5.099079 -0.202733 
1676880194.060211 0.853366 -0.023491 -0.075337 -0.515304 -2.338720 -5.257730 -0.289631 
1676880195.068831 0.925052 -0.016119 -0.083204 -0.370266 -2.441934 -5.414628 -0.309522 
1676880196.077450 0.936992 -0.012282 -0.078851 -0.340114 -2.599099 -5.540960 -0.321356 
1676880197.186930 0.923420 -0.018375 -0.084251 -0.373979 -2.850230 -5.729050 -0.362202 
1676880198.195551 0.966399 -0.020906 -0.088731 -0.240340 -2.977093 -5.782861 -0.374709 
1676880199.204170 0.958081 -0.018762 -0.093336 -0.270216 -3.097210 -5.824330 -0.392056 
1676880200.212790 0.969018 -0.022911 -0.090515 -0.228662 -3.101503 -5.809491 -0.390708 
1676880201.221409 0.929684 -0.010477 -0.103692 -0.353308 -3.090859 -5.793640 -0.396725 
1676880202.230030 0.900599 -0.004995 -0.086402 -0.425948 -3.045421 -5.786943 -0.386053 
1676880203.238649 0.830597 -0.016007 -0.072053 -0.551961 -3.177517 -5.928154 -0.402316 
1676880204.348129 0.780787 -0.025747 -0.048303 -0.622395 -3.429469 -6.117198 -0.439413 
1676880205.356749 0.766301 -0.009562 -0.052381 -0.640272 -3.719820 -6.215604 -0.468172 
1676880206.365369 0.746904 -0.017256 -0.049977 -0.662826 -3.994427 -6.245924 -0.503006 
1676880207.373989 0.746776 -0.037937 -0.050207 -0.662091 -4.326293 -6.266793 -0.564310 
1676880208.382608 0.733794 -0.038239 -0.056669 -0.675923 -4.678765 -6.264706 -0.610225 
1676880209.492088 0.704563 -0.040454 -0.028961 -0.707895 -4.972864 -6.236877 -0.625329 
1676880210.500709 0.720055 -0.042066 -0.047181 -0.691031 -5.184326 -6.226932 -0.625761 
1676880211.509328 0.701814 -0.047866 -0.043136 -0.709440 -5.525805 -6.294815 -0.662092 
1676880212.517948 0.645125 -0.035772 -0.031297 -0.762597 -5.919561 -6.272396 -0.693588 
1676880213.526567 0.645758 -0.030552 -0.035883 -0.762087 -6.197100 -6.138981 -0.703076 
1676880214.535188 0.666319 -0.035569 -0.033648 -0.744058 -6.410074 -5.994121 -0.697405 
1676880215.543807 0.659125 -0.019083 -0.040743 -0.750686 -6.749757 -5.865851 -0.713714 
1676880216.552427 0.618816 -0.029913 -0.043253 -0.783773 -7.060333 -5.679688 -0.717892 
1676880217.661907 0.706711 -0.008031 -0.039017 -0.706380 -7.097214 -5.706040 -0.671158 
1676880218.670527 0.717051 -0.009038 -0.031574 -0.696246 -7.091444 -5.737528 -0.668124 
1676880219.679147 0.725561 -0.020250 -0.034989 -0.686969 -7.092280 -5.714604 -0.684298 
1676880220.687766 0.691773 -0.007032 -0.031515 -0.721393 -7.159243 -5.718635 -0.684986 
1676880221.696386 0.580102 -0.012653 -0.035326 -0.813679 -7.170861 -5.697187 -0.669173 
1676880222.705007 0.533031 -0.009709 -0.023671 -0.845709 -7.236562 -5.668516 -0.663221 
1676880223.814486 0.529490 -0.004851 -0.038311 -0.847437 -7.364917 -5.615839 -0.679865 
1676880224.823106 0.608682 0.003978 -0.044702 -0.792144 -7.409333 -5.585958 -0.677485 
1676880225.831725 0.688314 0.003161 -0.037653 -0.724428 -7.458327 -5.582409 -0.691215 
1676880226.840346 0.674884 -0.013900 -0.034094 -0.737004 -7.541674 -5.544807 -0.698407 
1676880227.949825 0.655264 -0.017932 -0.047908 -0.753666 -7.704645 -5.395208 -0.713862 
1676880228.958445 0.680060 -0.028394 -0.050820 -0.730842 -7.965691 -5.240328 -0.711338 
1676880230.067944 0.642920 -0.021903 -0.037924 -0.764680 -8.206026 -5.113137 -0.681227 
1676880231.076564 0.594578 -0.021551 -0.014321 -0.803621 -8.507821 -4.971243 -0.674408 
1676880232.085184 0.560852 -0.018501 -0.020189 -0.827463 -8.751237 -4.783442 -0.692411 
1676880233.093804 0.556378 -0.030031 -0.025545 -0.829993 -8.902478 -4.721260 -0.690076 
1676880234.203284 0.498701 0.013055 -0.012441 -0.866586 -9.188476 -4.790805 -0.711105 
1676880235.211903 0.487640 0.050725 0.014153 -0.871455 -9.284591 -4.789068 -0.713772 
1676880236.321384 0.466847 0.034229 0.001029 -0.883675 -9.367372 -4.622827 -0.713305 
1676880237.229143 0.447390 0.024399 -0.004454 -0.893995 -9.563891 -4.429107 -0.705856 
1676880238.338623 0.405249 0.007747 -0.010987 -0.914107 -9.826192 -4.190951 -0.707181 
1676880239.347243 0.336538 0.002675 -0.005469 -0.941650 -10.010822 -3.982002 -0.709435 
1676880240.355863 0.358955 0.040625 0.005775 -0.932453 -10.195847 -3.890610 -0.698815 
1676880241.465343 0.299406 0.026142 0.007237 -0.953740 -10.491613 -3.662401 -0.700934 
1676880242.473962 0.223686 0.010078 0.008096 -0.974576 -10.619127 -3.419771 -0.682561 
1676880243.482582 0.213263 0.028442 -0.009982 -0.976530 -10.841351 -3.237532 -0.654208 
1676880244.491203 0.242518 0.021382 -0.001141 -0.969911 -11.140045 -3.242835 -0.655512 
1676880245.499822 0.235137 0.027584 -0.006650 -0.971548 -11.420436 -3.077041 -0.680916 
1676880246.508442 0.150946 -0.004096 0.004463 -0.988524 -11.506730 -2.873541 -0.680763 
1676880247.617921 0.129616 -0.004927 -0.011930 -0.991480 -11.617776 -2.692414 -0.678998 
1676880248.525682 0.130837 -0.021128 -0.009006 -0.991138 -11.726130 -2.439677 -0.626470 
1676880249.635162 0.062954 -0.030615 -0.008706 -0.997509 -11.868100 -2.155603 -0.616606 
1676880250.643781 0.008379 0.038945 0.007513 0.999178 -12.063399 -1.852872 -0.598160 
1676880251.753261 0.034040 -0.035187 -0.031377 -0.998308 -12.434458 -1.703247 -0.623677 
1676880252.761881 0.037291 -0.053711 -0.020117 -0.997657 -12.679279 -1.605039 -0.609024 
1676880253.770501 0.017386 0.022192 -0.030140 -0.999148 -12.939783 -1.344326 -0.595036 
1676880254.779120 0.034469 -0.018645 0.017407 0.999080 -13.022517 -1.137452 -0.578832 
1676880255.787740 0.066286 -0.016870 0.036828 0.996978 -13.067740 -0.914946 -0.554163 
1676880256.796361 0.092825 -0.001074 0.021554 0.995449 -13.098153 -0.664653 -0.519907 
1676880257.804980 0.170712 -0.004451 0.030830 0.984828 -13.091000 -0.272668 -0.484730 
1676880258.914460 0.188187 0.007096 0.043591 0.981140 -13.044293 -0.026175 -0.477054 
1676880259.923079 0.013896 0.001283 0.036758 0.999227 -12.958676 0.137691 -0.449217 
1676880260.931700 0.046862 0.011068 0.015673 0.998717 -12.897107 0.466796 -0.446433 
1676880261.940319 0.093902 0.018127 0.007526 0.995388 -12.785487 0.831979 -0.473667 
1676880262.948939 0.061711 0.040466 0.010880 0.997214 -12.621642 1.096793 -0.461662 
1676880264.058438 0.107772 0.042095 0.005556 0.993268 -12.492721 1.400821 -0.436557 
1676880265.067059 0.157884 0.021957 -0.003322 0.987208 -12.341179 1.779697 -0.404497 
1676880266.075678 0.214636 0.033202 0.004504 0.976119 -12.131474 2.138025 -0.380637 
1676880267.084298 0.236465 0.043176 0.015902 0.970550 -11.944843 2.490074 -0.380837 
1676880268.092917 0.135479 0.016834 0.039618 0.989845 -11.857604 2.704149 -0.352036 
1676880269.202398 0.133443 0.034904 0.019686 0.990246 -11.797347 2.808264 -0.380366 
1676880270.211017 0.175785 0.040519 0.004636 0.983583 -11.761700 2.997420 -0.380564 
1676880271.219637 0.254356 -0.025680 0.017768 0.966606 -11.874714 3.308641 -0.379276 
1676880272.228258 0.295279 -0.018765 0.024110 0.954922 -11.794315 3.524342 -0.377778 
1676880273.236877 0.267796 -0.011856 0.020946 0.963175 -11.570269 3.859462 -0.356484 
1676880274.346357 0.304699 0.015735 0.011682 0.952247 -11.323431 4.174504 -0.337369 
1676880275.354976 0.378955 0.012122 -0.007838 0.925303 -11.110366 4.416615 -0.319116 
1676880276.363597 0.377165 0.015035 0.007703 0.925992 -10.873703 4.595731 -0.323658 
1676880277.372216 0.364943 0.020794 -0.011145 0.930731 -10.677046 4.721236 -0.268891 
1676880278.380836 0.434463 0.023452 0.002550 0.900381 -10.374641 5.028001 -0.254939 
1676880279.389456 0.486411 0.029781 -0.004557 0.873211 -10.124774 5.168926 -0.231877 
1676880280.398076 0.460756 0.029738 -0.001927 0.887026 -9.836507 5.292913 -0.200895 
1676880281.406696 0.471634 0.026088 -0.012558 0.881319 -9.491432 5.376861 -0.154176 
1676880282.516175 0.511561 0.014710 -0.007321 0.859090 -9.115629 5.542387 -0.117773 
1676880283.524795 0.591850 0.037175 -0.002156 0.805188 -8.793291 5.675441 -0.076381 
1676880284.533415 0.669191 0.033840 0.001529 0.742318 -8.489305 5.841748 -0.064251 
1676880285.542035 0.673198 0.006442 0.020968 0.739136 -8.274415 6.196305 -0.029390 
1676880286.651515 0.685460 0.030651 0.000194 0.727465 -8.059209 6.190477 -0.023329 
1676880287.660134 0.698844 0.027545 -0.012681 0.714631 -7.753304 6.144484 0.003689 
1676880288.668755 0.720753 0.035917 -0.030307 0.691597 -7.403492 6.044305 0.022106 
1676880289.677374 0.759436 0.037369 -0.027558 0.648923 -6.963987 5.954572 0.022859 
1676880290.685994 0.785702 0.037988 -0.021988 0.617046 -6.574580 5.854445 0.032081 
1676880291.694614 0.784371 0.024759 -0.023238 0.619362 -6.209654 5.780959 0.008953 
1676880292.703234 0.771899 0.015450 -0.036990 0.634480 -6.011315 5.718216 0.019815 
1676880293.812714 0.798982 0.026723 -0.041851 0.599301 -5.658864 5.586911 0.003275 
1676880294.821333 0.820226 0.040496 -0.025058 0.570054 -5.236773 5.463219 0.035847 
1676880295.729094 0.846225 0.038318 -0.022962 0.530950 -4.966114 5.344684 0.038121 
1676880296.737713 0.856413 0.032181 -0.022090 0.514814 -4.697718 5.202899 0.041763 
1676880297.746333 0.845344 0.043278 -0.030550 0.531590 -4.558710 5.136044 0.071530 
1676880298.855812 0.853059 0.051379 -0.033904 0.518171 -4.448400 5.094748 0.051927 
1676880299.864433 0.842941 0.051701 -0.036822 0.534249 -4.434035 5.053464 0.043496
1676880300.873052 0.839663 0.039595 -0.002110 0.541659 -4.405867 5.099867 -0.115293  
