1.08588 1.07697 0.0516071
1.39661 0.954762 1.0873
2.13734 1.04009 0.708564
15.9439 1.14102 2.3716
1.0412 0.841079 1.04545
0.967249 0.942521 0.938411
0.905577 0.99415 1.01125
1.01443 1.0147 1.13504
1.07377 1.02325 1.06077
0.959695 1.01565 0.958799
0.9978 0.954319 0.969531
1.06863 1.02601 0.690085
0.909354 0.964232 1.28167
1.05447 1.02043 1.05253
1.07326 1.07197 1.15856
0.970495 1.02338 1.05305
0.850265 0.94418 0.828244
0.985296 0.981075 1.17702
1.03143 1.04476 1.01905
1.1234 1.09653 1.0928
0.93393 0.964325 0.846485
0.948869 0.914398 1.07073
1.0557 1.00561 0.962975
0.946715 1.0427 1.25084
0.940999 0.900921 0.824109
0.994673 1.05935 0.979403
0.982601 0.864584 1.1859
0.985716 1.00222 0.907033
0.767362 0.900036 1.21387
1.29931 1.60783 1.14487
1.18674 0.774193 1.26168
1.16028 1.09882 0.999058
0.986226 0.970543 1.04107
1.00846 0.979847 1.07047
1.05833 0.973046 1.26325
0.945848 0.667218 0.855425
1.0784 0.114446 1.14931
0.941996 1.36286 0.805096
0.994075 0.948569 -0.222939
0.987863 0.991613 0.910108
1.03842 1.15618 0.967421
1.00468 1.01454 1.30279
1.0427 1.1114 0.450913
0.951929 0.957925 0.672344
0.98387 0.953134 0.634587
0.821718 1.29479 0.955205
1.03397 1.00334 0.814981
-0.115755 1.0654 0.978909
0.861258 1.25425 0.282142
4.24917 0.879283 0.784279
0.958358 1.47458 2.36317
0.979538 0.882002 1.07661
1.08701 1.22354 1.48009
1.00458 1.42473 0.982333
0.985328 0.837987 1.21025
1.03852 1.03533 1.05222
1.02046 1.02399 2.66694
0.94579 0.949624 1.01416
1.04046 1.07515 0.955978
1.00277 0.981098 1.26773
1.03713 0.853208 -1.15888
0.949872 0.976567 1.0514
0.943422 -0.364348 0.513653
1.04411 0.976981 0.143002
1.07463 1.06656 1.79508
0.931533 0.964249 -0.431245
1.21786 1.03679 1.7583
0.903309 0.982806 1.04834
0.970018 0.957103 0.578826
1.00345 1.00225 1.00968
1.08582 1.02814 0.901356
0.967612 4.31472 0.288211
0.941216 1.04957 1.21239
1.29373 1.05038 -0.0267777
0.927182 0.918347 0.522116
1.12543 1.07082 1.03649
0.927193 0.934358 0.970169
1.14717 1.08726 1.87389
0.947441 0.897477 1.68164
0.985199 0.958283 0.986832
0.989854 0.990468 1.03947
1.13584 1.08111 1.51225
0.825179 0.996826 0.78969
1.1244 0.950765 1.0158
-8.01332 1.08086 1.35133
0.912979 0.894981 0.480915
1.11891 0.977972 1.02786
0.914626 1.03732 3.86734
1.06544 1.09571 1.4448
1.01153 0.980529 0.778651
0.928522 0.904822 1.47598
1.07869 1.01164 1.05106
0.968882 1.01391 1.07992
1.05213 1.09697 0.023085
0.895452 0.830348 0.668401
0.957247 1.06815 0.977676
0.874332 0.961227 0.0460804
0.979216 1.00161 0.501062
1.14334 1.16975 0.366405
1.162 0.993857 1.07828
0.863585 0.909798 1.10705
1.00582 1.03213 0.95886
0.998797 0.995776 1.00031
1.04543 1.00308 0.960985
0.973065 0.976931 1.19665
1.17486 1.29756 2.11059
1.01239 0.936964 0.670355
0.938838 0.735753 1.12938
0.948822 1.04847 0.92977
1.00899 0.979474 0.986416
1.00963 1.12425 2.71617
1.14296 1.0099 0.873082
0.900701 -0.492097 0.590338
0.981838 1.08505 1.01525
0.991381 0.99054 1.11618
1.00577 1.07707 -8.89803
1.00138 0.960662 1.04638
1.17073 1.14525 0.830743
0.836772 0.883958 0.49286
0.954048 0.979502 0.764218
0.99608 0.988691 1.00251
1.20957 1.20955 -0.701572
0.95431 0.935343 0.230505
0.763096 0.851943 1.38266
1.0855 1.03293 1.06176
0.956095 0.916285 1.01025
0.994622 1.00695 1.13947
1.00014 1.00067 1.19611
